1748
4123
5720
7547
14372
17378
9729
8003
7533
7522
7051
7673
8991
9168
9951
12865
12980
12526
13081
14560
15200
16678
19068
17497
18469
18644
20498
21595
22050
23084
23519
24868
25595
26513
27295
28360
29245
30456
31353
34295
32523
34192
34674
35167
37182
37492
38324
39784
40178
41829
43360
43461
44544
45302
46593
46766
49163
48941
50275
51148
51945
53506
53821
60234
57181
57784
59036
59845
61689
61867
62833
64503
64477
66497
66681
67837
69226
69716
70601
71915
72825
73711
74781
77021
76875
79835
79569
80863
81399
82384
83426
88205
85969
87792
88219
89396
90832
91447
92048
93838
94780
96708
96267
97892
99448
100021
102349
103065
102720
104888
105008
106251
113274
109310
110471
111369
114350
113286
115289
116186
116958
134440
119854
119568
121680
123556
134441
125148
126663
140434
130005
129915
132776
132331
131531
146644
145140
137588
140638
137730
140913
141733
140518
148405
145508
147949
147216
148239
150380
150915
153238
160766
155279
155329
158407
157355
164331
170636
161574
162026
163325
166296
166520
168672
169142
169295
170999
171122
177337
174638
175667
177272
178953
178826
180828
185252
184802
184981
184336
189991
189147
189403
190704
194875
212024
197383
198148
199844
209801
203942
201816
206778
205760
206681
204531
208431
207409
209451
210630
220077
