2925
3884
6755
9411
14588
15861
11514
7804
7009
7138
7432
7867
8774
9939
10581
11790
12356
13569
14333
15669
17347
18892
18721
20031
20936
22820
23573
25016
26473
27570
29703
30601
42815
35445
39766
37503
40029
40585
42233
43410
45318
45552
47929
49719
51692
52600
54230
55926
57855
59296
60689
62327
63683
65781
67692
69714
70781
71976
74215
75929
76910
78160
81120
83317
84969
87786
90208
92316
94304
95523
97470
98991
101346
102315
106061
106684
109586
110042
112170
114620
115386
116591
119369
121151
123379
124928
124568
128469
130238
133448
133605
135503
137114
140095
141157
143093
145244
146623
148486
151244
153454
159440
157171
158766
160752
165455
163307
166569
168986
170658
172315
174657
177918
178738
182210
183853
184513
186213
193531
190865
195975
195442
198271
198670
200784
203423
205900
208119
209088
214408
216524
223009
225016
226288
228734
230855
232936
234391
239704
240827
241797
246568
244835
250587
249987
253211
253043
256751
259407
264924
264271
267759
274537
272077
273879
280065
277650
283096
282536
287911
286598
292806
291941
294097
298566
300755
302887
305384
308178
308649
312746
317340
316958
318059
323522
326069
325537
332910
333000
335959
338312
341598
347887
345686
353186
350387
354498
360364
357079
364802
363765
370960
371893
373158
376033
379754
383317
382565
384216
388664
