1385
1724
2319
3585
3710
4542
5327
5972
6564
7313
7790
9001
9110
11536
10512
11260
11814
12564
12880
13856
14647
15161
15828
16691
16897
17980
19115
19373
19809
21212
21589
22097
22707
23383
24850
25067
26157
27406
27117
28064
28396
29187
29949
31213
32661
31977
33241
34302
34789
35437
36471
36852
37258
38032
39723
39320
39879
41738
41993
42775
43567
44488
45413
46063
46808
47465
48855
48627
50258
50528
51279
52184
53338
53519
55134
55131
56498
56843
59827
61696
61471
60544
60880
62109
62008
63219
63667
64851
66336
66412
67145
68205
68852
69848
71105
72107
72941
73271
74075
75026
75333
76463
77554
78201
79253
83683
81837
82103
82845
84401
84855
86014
86700
87330
88133
89350
89943
90598
95530
92852
93876
94993
95996
96690
98059
103394
100138
101297
102044
103307
103518
104628
106330
106946
107825
108912
110025
110363
111726
112921
113238
114777
120147
116930
117665
118161
119673
129952
121502
122542
123644
124456
125881
126450
133981
128457
128934
134183
131857
131689
134937
134878
135456
136738
138068
137887
139654
140657
142216
142168
146891
146256
146463
147082
148585
150361
150379
152831
152524
153936
155085
155050
157458
161943
159449
160854
163601
162498
164466
167585
165959
167782
170346
169310
173537
172676
173348
174840
174692
176101
